37 872
1962958035 1672386073 2370480092 2169468091 2344605350 1788560751 1936761560 2062247470 1955963163 1925891321 1942215243 1934094755 1970662122 1819887692 2108182354 1830353027 1967624597 1983466244 1812883251 2514484530 2513746124 2368522065 2643773102 1951597293 2461536234 2111464584 1307837900 1464724760 1914752715 2117708957 2020117565 1969552863 1891578460 1720101960 1998353263 2194679765 2131327001
0 1 1 0 1 1 1 1 0 1 1 1 1 0 0 1 1 0 1 0 1 0 1 0 0 0 1 1 1 0 1 1 1 0 1 0 1
1 0 1 0 1 1 1 1 0 1 1 1 1 1 0 0 1 0 0 1 1 0 1 1 1 0 1 1 1 0 1 0 0 1 1 0 1
1 1 0 0 1 1 1 1 0 1 1 1 1 1 1 1 1 1 1 1 1 0 1 1 1 1 1 1 1 1 1 1 1 1 1 1 1
0 0 0 0 0 0 0 0 0 0 1 1 1 1 0 0 0 0 0 1 1 0 0 0 0 1 1 0 0 1 1 1 0 0 0 1 1
1 1 1 0 0 1 1 1 0 1 1 1 1 1 1 1 1 1 1 0 1 0 1 1 1 1 1 1 1 1 1 1 1 1 1 1 1
1 1 1 0 1 0 0 1 0 1 1 1 1 0 0 1 1 1 1 0 1 0 0 0 0 0 1 1 1 0 1 0 1 1 1 0 1
1 1 1 0 1 0 0 1 0 1 1 1 1 0 1 0 1 1 1 0 1 0 0 1 1 1 0 1 1 1 1 1 1 0 1 0 1
1 1 1 0 1 1 1 0 0 1 1 1 1 0 1 1 1 0 1 0 1 0 0 0 1 1 1 1 1 1 1 1 1 1 1 1 1
0 0 0 0 0 0 0 0 0 1 0 0 1 0 0 0 0 0 0 0 0 0 0 0 0 0 0 0 0 0 0 0 0 0 0 0 0
1 1 1 0 1 1 1 1 1 0 1 1 1 1 0 1 1 1 1 1 1 0 1 1 1 1 1 1 1 1 1 1 1 1 1 1 1
1 1 1 1 1 1 1 1 0 1 0 1 1 0 1 1 1 1 1 0 1 0 1 0 1 0 1 1 0 1 1 1 1 0 1 1 1
1 1 1 1 1 1 1 1 0 1 1 0 1 1 1 0 1 1 1 0 1 0 1 1 1 1 1 1 1 1 1 1 1 1 1 1 1
1 1 1 0 1 1 1 1 1 1 1 1 0 1 1 1 1 1 1 1 1 0 1 1 1 1 1 1 1 1 1 1 1 1 1 1 1
0 0 0 0 0 0 0 0 0 1 0 0 1 0 0 0 0 0 0 0 1 0 0 0 0 0 0 1 1 1 0 1 1 0 0 0 1
0 0 1 0 1 0 1 1 0 0 1 1 1 0 0 0 1 1 1 0 1 0 1 1 1 1 1 1 0 0 0 0 1 1 1 0 1
1 0 1 0 1 1 0 1 0 1 1 0 1 0 0 0 0 1 1 0 1 0 0 1 1 0 1 1 1 0 0 0 1 1 1 0 1
1 1 1 0 1 1 1 1 0 1 1 1 1 0 1 0 0 1 0 1 1 0 1 1 1 1 1 1 1 1 1 1 1 1 1 1 1
0 0 0 0 1 1 1 0 0 1 1 0 1 0 1 1 0 0 0 0 0 0 0 0 1 0 1 1 0 0 1 0 1 1 1 0 1
1 0 0 0 1 1 1 1 0 1 1 1 1 0 1 1 0 0 0 0 1 0 0 1 1 0 1 0 1 1 1 1 1 1 1 0 1
0 1 1 1 1 0 0 0 0 1 1 1 1 1 0 1 1 0 1 0 1 0 0 0 0 1 1 0 0 1 0 1 0 0 1 1 1
1 1 1 1 1 1 1 1 1 1 1 1 1 1 1 1 1 1 1 1 0 1 1 1 1 1 1 1 1 1 1 1 1 1 1 1 1
0 0 0 0 0 0 0 0 0 0 0 0 0 0 0 0 0 0 0 0 0 0 0 0 0 0 0 0 0 0 0 0 0 0 0 0 0
1 1 1 0 1 0 0 0 0 1 1 1 1 1 1 0 1 0 0 0 1 0 0 0 1 0 1 1 0 1 1 0 0 0 0 0 1
0 1 0 0 0 0 1 0 0 1 0 1 1 0 1 1 1 1 1 0 0 0 0 0 0 0 1 0 0 0 0 0 1 1 1 0 0
0 1 1 0 1 0 1 1 0 1 1 1 1 0 1 1 1 1 1 0 1 0 1 0 0 0 1 0 1 1 1 0 1 0 1 1 1
0 0 1 1 1 0 1 1 0 1 0 1 1 0 1 0 1 0 0 1 1 0 0 0 0 0 1 0 1 1 1 1 0 1 1 1 0
1 1 1 1 1 1 1 1 0 1 1 1 1 0 1 1 1 1 1 1 1 0 1 1 1 1 0 1 1 1 1 1 1 1 1 1 1
1 1 1 0 1 1 1 1 0 1 1 1 1 1 1 1 1 1 0 0 1 0 1 0 0 0 1 0 1 1 1 0 1 1 1 1 1
1 1 1 0 1 1 1 1 0 1 1 1 1 1 0 1 1 0 1 1 1 0 1 0 1 1 1 1 0 1 1 1 1 1 1 1 1
0 0 1 1 1 0 1 1 0 1 1 1 1 1 0 0 1 0 1 1 1 0 1 0 1 1 1 1 1 0 1 1 1 1 1 1 1
1 1 1 1 1 1 1 0 0 1 1 1 1 0 0 0 1 1 1 0 1 0 1 0 1 1 1 1 1 1 0 1 1 1 1 1 1
1 0 1 1 1 0 1 1 0 1 1 1 1 1 0 0 1 0 1 1 0 0 0 0 0 1 1 0 1 1 1 0 0 1 1 1 1
1 0 1 0 1 1 1 1 0 1 1 1 1 1 1 1 1 1 1 0 1 0 0 1 1 0 1 1 1 1 1 0 0 1 1 1 1
0 1 0 0 1 1 0 1 0 1 0 1 1 0 0 1 1 1 1 0 0 0 0 1 0 1 1 1 1 1 1 1 1 0 1 1 1
1 0 1 0 0 0 1 0 0 1 1 0 1 1 1 1 1 1 1 0 1 0 0 0 1 0 1 1 1 1 1 1 0 1 0 1 1
0 0 1 1 1 0 1 1 0 1 1 1 1 1 0 0 1 0 0 1 1 0 0 0 1 1 1 1 1 1 1 1 1 1 1 0 0
1 1 1 1 1 1 1 0 0 0 1 1 1 1 1 1 1 1 1 0 1 0 0 0 1 0 1 1 1 1 1 1 1 1 0 0 0
